1.0
0.5514705882352942
0.7692307692307693
0.1319796954314721
0.2621951219512195
0.5031847133757962
0.323943661971831
0.018292682926829267
0.7061855670103093
0.7735849056603774
0.21893491124260356
0.32989690721649484
0.29411764705882354
0.7023809523809523
0.7887323943661971
0.06338028169014084
0.5333333333333333
0.018867924528301886
0.6190476190476191
0.10869565217391304
0.49693251533742333
0.4713375796178344
0.9554140127388535
0.6262626262626263
0.7720588235294118
0.2147239263803681
0.35384615384615387
0.06091370558375635
0.27358490566037735
0.3584905660377358
0.0
0.042682926829268296
0.2076923076923077
0.13846153846153847
0.12195121951219512
0.050955414012738856
0.3556701030927835
0.06097560975609756
0.09523809523809523
0.18556701030927836
0.36693548387096775
0.11616161616161616
0.07317073170731707
0.5985915492957746
0.30978260869565216
0.08450704225352113
0.24647887323943662
0.6195121951219512
0.05286343612334802
0.0
0.33170731707317075
0.41509433962264153
0.036585365853658534
0.3014705882352941
0.36904761904761907
0.0
0.7782258064516129
0.643312101910828
0.03048780487804878
0.32065217391304346
0.6267605633802817
0.5337423312883436
0.03680981595092025
0.09595959595959595
0.324468085106383
0.11320754716981132
0.0
0.005917159763313609
0.15151515151515152
0.09009009009009009
0.046153846153846156
0.03524229074889868
0.10106382978723404
0.07142857142857142
0.03048780487804878
0.14893617021276595
0.056338028169014086
0.0
0.14150943396226415
0.02127659574468085
0.0
0.15859030837004406
0.22580645161290322
0.0
0.2436548223350254
0.5
0.5031847133757962
0.2676056338028169
0.5987261146496815
0.05384615384615385
0.6733870967741935
0.3351063829787234
0.0
0.22072072072072071
0.10152284263959391
0.009433962264150943
0.4411764705882353
0.2085889570552147
0.0
0.2323943661971831
0.0
0.39490445859872614
0.4536082474226804
0.6081081081081081
0.08064516129032258
0.0
0.6847826086956522
0.35121951219512193
0.0
0.6088709677419355
0.05851063829787234
0.38288288288288286
0.5384615384615384
0.1717171717171717
0.0
0.4154929577464789
0.3548387096774194
0.02127659574468085
0.17338709677419356
0.5054347826086957
0.012195121951219513
0.0
0.3383838383838384
0.24742268041237114
0.0
0.32142857142857145
0.6431718061674009
0.18902439024390244
0.8181818181818182
0.047337278106508875
0.31690140845070425
0.49264705882352944
0.40404040404040403
0.02577319587628866
0.02030456852791878
0.12804878048780488
0.0
0.0
0.04878048780487805
0.0
0.0
0.018292682926829267
0.0
0.0
0.03076923076923077
0.029585798816568046
0.14792899408284024
0.10294117647058823
0.6338028169014085
0.8711656441717791
0.2976190476190476
0.1402439024390244
0.7024390243902439
0.34394904458598724
0.21717171717171718
0.8536585365853658
0.5177664974619289
0.0
0.5153374233128835
0.5
0.042682926829268296
0.10483870967741936
0.5372340425531915
0.445859872611465
0.02252252252252252
0.2485207100591716
0.18536585365853658
0.1958762886597938
0.006097560975609756
0.4785276073619632
0.6370967741935484
0.1301775147928994
0.0
0.46226415094339623
0.8074074074074075
0.7414634146341463
0.21774193548387097
0.5219512195121951
0.33121019108280253
0.6838235294117647
0.8028169014084507
0.4230769230769231
0.15555555555555556
0.6307692307692307
0.6693548387096774
0.08064516129032258
0.28426395939086296
0.5630630630630631
0.19696969696969696
0.0
0.014084507042253521
0.4146341463414634
0.03048780487804878
0.018292682926829267
0.04294478527607362
0.3230769230769231
0.0
0.09595959595959595
0.2426470588235294
0.047337278106508875
0.02830188679245283
0.4112903225806452
0.28865979381443296
0.07317073170731707
0.02717391304347826
0.4393939393939394
0.19289340101522842
0.09154929577464789
0.3197969543147208
0.5521472392638037
0.012195121951219513
0.15853658536585366
0.6153846153846154
0.47317073170731705
0.18461538461538463
0.7065217391304348
0.7180851063829787
0.2323943661971831
0.6692307692307692
0.028169014084507043
0.7239263803680982
0.17258883248730963
0.17647058823529413
0.39690721649484534
0.42021276595744683
0.047872340425531915
0.27358490566037735
0.5
0.005917159763313609
0.0
0.5076923076923077
0.5
0.09090909090909091
0.007042253521126761
0.25
0.2975609756097561
0.047337278106508875
0.22560975609756098
0.6076923076923076
0.3333333333333333
0.6195121951219512
0.02112676056338028
0.5658536585365853
0.27205882352941174
0.2603550295857988
0.35585585585585583
0.29441624365482233
0.2391304347826087
1.0
0.8383838383838383
